{
    "accuracy": 0.7925497752087347,
    "precision": 0.7837837837837838,
    "recall": 0.7971204188481675,
    "auc": 0.8711393211543415
}